NC_017378.1_Helicobacter_pylori_Puno120__complete_sequence
123648 125382
260567 260995
423070 423304
510580 512794
615726 616227
616776 617589
636836 637676
704166 705061
716689 717142
873607 875619
929181 930184
988741 989088
1006430 1006501
1065576 1066504
1083187 1083607
1096435 1098792
1169317 1169398
1186481 1187129
1188289 1188931
1189957 1190238
1232093 1232158
1249455 1250034
1341337 1341417
1383514 1390504
1409530 1409613
1415069 1417043
1449495 1449839
1518557 1518640
1549084 1550512
1624881 1624979
NC_017377.1_Helicobacter_pylori_Puno120_plasmid_pHPPN120__complete_sequence
10968 12783
