isPath componentSize in out amb in>1 out>1
1   2   1   1     0     0     0
1   2   1   1     0     0     0
1   2   1   1     0     0     0
1   2   1   1     0     0     0
1   2   1   1     0     0     0
1   2   1   1     0     0     0
1   2   1   1     0     0     0
1   2   1   1     0     0     0
1   2   1   1     0     0     0
1   2   1   1     0     0     0
1   2   1   1     0     0     0
1   2   1   1     0     0     0
1   2   1   1     0     0     0
1   2   1   1     0     0     0
1   2   1   1     0     0     0
1   2   1   1     0     0     0
1   2   1   1     0     0     0
1   2   1   1     0     0     0
1   2   1   1     0     0     0
1   2   1   1     0     0     0
1   2   1   1     0     0     0
1   2   1   1     0     0     0
1   101   7   7     25     20     20
1   119   8   8     28     23     23
1   119   8   8     28     23     23
1   112   3   3     35     23     22
1   112   3   3     35     22     23
1   101   7   7     25     20     20
1   21   1   1     6     4     4
1   21   1   1     6     4     4
1   21   1   1     6     4     4
1   21   1   1     6     4     4
1   13   2   1     2     3     2
1   13   1   2     2     2     3
1   6   1   1     0     1     1
1   6   1   1     0     1     1
