Before normalization:
0 35389600
5 34
7 900
8 1452
9 1284
10 8859
11 99420
12 2935064
13 124869
14 12436
15 2524
16 1176
17 160
18 358
19 642
20 4302
21 8078
22 3656
23 12194
24 242
25 4568
26 2186
27 386
28 172
29 352
30 100
31 78
32 10
33 56
34 12
35 4
36 28
41 252
43 32
44 18
45 18
47 34
48 22
52 10
53 24
58 42
59 22
67 12
68 14
70 66
76 18
81 16
86 24
99 2
124 12
127 24
142 16
155 6
214 12
230 4
235 4
250 10
avg: 0.0778863

After normalization:
0 35389600
1 3188178
2 37136
3 540
4 158
5 64
6 110
7 40
8 2
10 12
11 24
12 16
13 6
18 12
19 4
20 4
21 10

normalization rate: 0.083592
