Unitig: 81 579 371 384 385 370 371 384 385 370 371 384 385 370 371 384 385 370 371 384 385 370 371 384 385 370 371 384 385 370 371 384 385 370 371 384 385 370 371 384 385 370 371 384 385 369 
Unitig: 91 424 108 296 297 107 108 296 297 105 106 
Unitig: 118 119 399 400 502 119 399 400 502 119 399 400 502 119 399 400 502 119 399 400 502 119 399 400 502 119 399 400 502 119 399 400 502 119 399 400 502 119 399 400 502 119 399 400 502 119 399 400 502 119 399 400 502 119 399 400 502 119 399 400 502 119 399 400 502 119 399 400 502 119 399 400 502 119 399 400 502 119 399 400 502 119 399 400 500 501 50 51 584 501 50 51 585 586 
Unitig: 253 146 661 662 145 146 661 662 145 146 661 662 145 146 661 662 145 146 661 662 145 146 661 662 145 146 661 662 145 146 661 662 145 146 661 662 145 146 661 662 145 146 661 662 145 146 661 662 145 146 661 662 145 146 661 662 145 146 661 662 145 146 661 662 145 146 661 662 145 146 661 662 145 146 661 662 147 148 
Unitig: 286 151 47 582 583 46 47 582 583 48 49 498 499 398 49 498 499 398 49 498 499 398 49 498 499 398 49 498 499 398 49 498 499 398 49 498 499 398 49 498 499 398 49 498 499 398 49 498 499 398 49 498 499 398 49 498 499 398 49 498 499 398 49 498 499 398 49 498 499 398 49 498 499 398 49 498 499 398 49 498 499 398 49 498 499 398 49 498 499 398 49 498 499 397 
Unitig: 293 395 396 828 829 
Unitig: 346 102 365 366 101 102 365 366 103 104 526 527 104 526 528 529 
Unitig: 406 407 603 604 806 407 603 604 805 233 235 236 233 235 236 233 235 236 233 235 236 234 131 
Unitig: 462 383 367 368 382 383 367 368 382 383 367 368 382 383 367 368 382 383 367 368 382 383 367 368 382 383 367 368 382 383 367 368 382 383 367 368 382 383 367 368 382 383 367 368 380 381 
Unitig: 513 674 532 645 646 531 532 645 646 531 532 645 646 531 532 645 646 531 532 645 646 531 532 645 646 531 532 645 646 531 532 645 646 531 532 645 646 531 532 645 646 531 532 645 646 531 532 645 646 531 532 645 646 530 471 680 681 470 471 680 681 470 471 680 681 469 133 
Unitig: 522 523 364 99 100 363 364 99 100 362 
Unitig: 542 230 416 417 229 230 416 417 227 228 
Unitig: 615 616 789 790 752 616 789 790 751 
Unitig: 687 347 348 143 144 660 348 143 144 660 348 143 144 660 348 143 144 660 348 143 144 660 348 143 144 660 348 143 144 660 348 143 144 660 348 143 144 660 348 143 144 660 348 143 144 660 348 143 144 660 348 143 144 660 348 143 144 660 348 143 144 660 348 143 144 660 348 143 144 660 348 143 144 660 348 143 144 659 
Unitig: 688 689 749 750 788 689 749 750 787 
Unitig: 724 256 257 472 473 682 257 472 473 682 257 472 473 683 643 533 534 642 643 533 534 642 643 533 534 642 643 533 534 642 643 533 534 642 643 533 534 642 643 533 534 642 643 533 534 642 643 533 534 642 643 533 534 642 643 533 534 642 643 533 534 642 643 533 534 644 318 
Unitig: 754 188 189 109 110 300 189 109 110 298 299 
Unitig: 142 338 237 240 241 237 240 241 237 240 241 237 240 241 238 239 803 804 602 239 803 804 601 
Unitig: 184 797 166 591 592 165 166 591 592 163 164 
Unitig: 340 422 420 231 232 419 420 231 232 418 
Unitig: 351 685 594 167 168 593 594 167 168 595 153 
Unitig: 513 675 279 313 314 278 279 313 314 278 279 313 314 278 279 313 314 278 279 313 314 278 279 313 314 280 281 
Unitig: 764 492 316 276 277 315 316 276 277 315 316 276 277 315 316 276 277 315 316 276 277 315 316 276 277 317 318 
